Bias[0][0][0]= 0.00296303	Bias[0][0][1]= 0.00234897	Bias[0][0][2]= 0.00105108	
Bias[1][0][0]= 0.00574261	Bias[1][0][1]= 0.00963688	Bias[1][0][2]= 0.00547412	
Bias[2][0][0]= 0.053665	
