Weights[0][0][0]= 0.156474	Weights[0][0][1]= 0.195251	Weights[0][0][2]= 0.113942	
Weights[0][1][0]= 0.129617	Weights[0][1][1]= 0.0560505	Weights[0][1][2]= 0.0199709	
Weights[1][0][0]= 0.0799103	Weights[1][0][1]= 0.155133	Weights[1][0][2]= 0.190523	
Weights[1][1][0]= 0.0119726	Weights[1][1][1]= 0.143456	Weights[1][1][2]= 0.171553	
Weights[1][2][0]= 0.00745992	Weights[1][2][1]= 0.0151765	Weights[1][2][2]= 0.161934	
Weights[2][0][0]= 0.108431	
Weights[2][1][0]= 0.183981	
Weights[2][2][0]= 0.108266	
